156
66
304
68
217
269
94
233
128
97
132
98
13
86
100
89
28
155
139
210
132
92
70
11
144
163
116
122
172
86
11
100
141
19
75
316
116
142
123
15
34
186
48
213
153
202
168
329
89
159
332
34
49
136
223
84
39
70
67
12
135
83
186
119
182
87
99
111
232
229
121
14
42
120
74
33
128
235
179
154
133
253
12
7
647
51
180
96
142
221
61
245
116
84
108
178
47
214
171
188
89
48
112
224
170
121
169
88
47
87
103
48
51
138
136
16
103
211
48
138
160
122
139
12
140
243
138
301
109
157
81
136
90
48
79
118
87
129
317
126
147
123
153
88
368
99
117
225
262
97
94
254
93
469
74
356
77
216
62
420
127
236
81
194
28
98
39
165
312
195
192
202
122
159
32
220
131
36
136
190
235
28
95
227
112
196
116
134
55
80
213
108
290
75
294
98
166
156
156
57
257
259
40
140
208
140
68
294
73
164
115
320
48
50
228
192
442
459
325
100
142
61
139
95
472
130
184
290
58
118
190
81
54
309
174
88
72
66
89
56
76
163
175
191
39
113
148
301
54
84
48
74
272
104
33
229
25
96
122
91
127
220
31
176
41
186
73
300
112
86
182
67
194
74
247
119
151
21
128
27
169
100
25
150
14
276
113
82
47
124
341
147
239
229
99
150
104
122
109
99
196
55
89
67
123
93
259
176
95
9
41
161
34
274
47
202
103
413
59
194
175
200
66
83
65
185
282
219
252
18
145
129
29
88
100
90
175
94
104
26
134
95
93
145
217
112
407
145
107
10
152
126
197
136
115
269
96
118
52
115
81
73
182
151
173
192
258
43
183
62
88
101
109
45
71
180
75
262
216
164
363
140
126
108
268
71
118
122
121
89
280
109
149
50
43
110
50
76
91
73
270
127
227
108
91
157
306
570
171
35
130
87
280
385
123
51
105
160
153
78
222
69
141
166
105
133
171
89
56
229
78
110
99
115
90
42
172
6
197
51
125
32
126
152
81
89
137
161
71
243
200
337
224
34
112
123
63
235
90
112
5
51
80
241
91
232
307
115
102
218
48
113
140
77
31
125
122
37
91
93
78
90
7
245
70
111
214
210
91
202
214
106
321
168
277
115
105
26
249
179
82
191
75
12
122
28
81
117
138
45
36
105
54
116
152
123
108
229
87
137
91
57
25
82
192
33
62
392
347
258
50
127
69
115
139
100
122
70
168
143
75
121
48
246
49
174
70
26
41
70
200
100
317
322
53
126
44
115
233
238
124
140
201
140
236
187
206
242
23
62
119
121
99
335
7
8
225
425
183
361
23
46
13
139
130
71
116
60
244
305
178
109
236
91
236
6
24
62
113
98
91
93
65
223
69
99
195
21
274
163
164
42
194
95
210
13
247
66
83
44
77
97
196
268
144
77
155
50
42
160
47
237
71
31
55
20
167
105
104
71
77
141
76
138
243
244
121
140
136
235
78
82
151
118
160
93
106
94
81
66
226
300
164
176
76
241
224
181
339
265
127
339
69
157
87
108
51
73
204
206
152
122
120
43
74
228
38
100
125
234
96
203
101
203
180
56
237
51
238
106
85
78
159
18
225
153
162
59
151
74
117
140
122
45
105
98
350
40
177
61
220
174
136
65
141
14
139
18
183
141
38
58
53
248
151
145
226
109
292
208
31
248
194
20
203
181
83
134
341
167
83
32
185
67
158
101
80
238
243
68
61
42
116
313
64
124
71
346
82
129
54
26
112
110
246
76
78
148
55
139
142
64
61
201
105
103
97
303
239
256
23
56
127
131
194
92
271
105
222
84
119
88
191
79
42
27
73
41
92
105
183
30
113
12
72
45
117
130
114
71
66
169
155
198
50
251
47
281
143
39
264
123
108
71
187
239
172
224
188
38
133
318
60
199
27
65
119
116
28
37
127
261
147
104
180
287
128
187
300
160
105
78
496
95
52
103
228
152
152
168
95
102
248
89
10
64
179
127
205
107
63
119
128
168
152
222
88
98
185
259
150
76
33
88
217
349
78
39
53
87
62
136
38
141
98
172
91
59
170
375
267
56
121
302
150
393
145
148
364
77
57
124
237
123
113
157
25
92
15
274
247
199
127
21
211
148
172
33
8
190
360
132
50
174
37
18
151
264
106
64
100
311
98
153
229
65
42
64
161
60
180
198
119
216
198
81
76
85
162
182
56
153
185
53
120
28
107
102
136
141
55
57
10
228
102
21
206
91
31
263
124
115
73
100
97
29
182
174
276
242