14
10
11
14
11
16
7
37
5
10
16
30
15
11
10
10
9
8
14
13
11
16
48
9
9
12
11
13
13
55
7
12
12
13
21
16
22
28
5
13
7
23
48
20
27
9
8
14
8
10
12
17
10
11
7
12
10
26
18
37
28
31
15
5
11
29
12
2
20
31
7
10
19
15
10
17
9
16
23
10
8
12
17
15
13
10
7
7
11
26
6
10
12
11
11
9
10
8
12
16
18
10
14
11
8
13
9
9
5
11
19
12
19
10
13
18
5
7
11
72
8
8
18
13
9
14
30
24
29
11
19
7
12
13
12
12
12
7
12
5
15
9
9
16
10
13
6
9
13
22
8
9
9
10
10
14
7
8
14
10
9
12
9
9
8
14
25
10
20
6
25
11
12
27
10
10
12
20
10
7
23
11
12
9
35
68
9
10
9
16
14
20
12
10
11
11
4
11
14
17
11
23
19
10
15
8
13
13
39
6
26
10
13
9
10
17
13
23
12
8
9
12
10
17
11
13
24
16
10
9
9
14
9
8
8
11
13
6
8
11
9
36
23
11
11
11
10
5
13
22
13
16
10
9
17
7
5
38
12
29
17
21
14
19
10
31
16
11
16
13
17
16
9
11
16
13
13
12
20
12
22
9
11
12
14
10
14
10
13
12
50
17
10
10
14
12
9
12
9
10
14
14
12
13
11
9
14
27
29
7
25
11
10
10
8
20
41
11
43
17
8
60
12
11
9
11
17
41
29
37
11
12
8
14
9
26
10
13
17
16
8
5
11
6
8
21
11
29
12
11
12
4
8
17
10
9
52
14
19
9
9
14
9
27
10
18
17
15
6
17
7
3
34
11
14
8
8
8
6
11
16
12
25
11
9
10
14
26
14
24
8
17
8
8
17
11
11
12
47
12
11
11
8
12
10
13
46
23
9
11
18
15
13
18
7
13
17
15
20
9
10
10
11
12
18
9
11
15
11
14
9
19
11
13
13
15
10
12
11
19
10
11
10
14
12
10
8
27
35
10
11
30
11
15
11
5
13
11
14
18
24
10
11
42
12
11
19
10
4
14
23
23
12
12
10
9
39
8
8
17
4
9
11
16
14
12
5
12
15
9
9
8
24
10
28
16
13
7
15
21
42
8
13
25
4
25
11
13
11
14
9
11
10
5
14
33
16
7
15
16
4
11
18
12
13
10
18
5
6
18
8
12
9
27
12
41
9
28
10
9
13
47
8
6
9
6
28
6
15
11
15
11
10
34
13
10
11
9
14
9
11
29
14
10
14
9
16
12
6
15
12
17
12
10
15
10
15
9
12
7
12
23
12
10
62
3
13
12
14
16
40
11
10
73
12
7
6
10
13
11
9
9
9
10
11
18
50
8
3
14
11
36
16
7
20
17
12
12
16
12
11
3
6
9
7
20
12
12
26
10
8
8
14
10
13
11
11
11
18
29
9
6
13
11
15
14
14
19
10
32
8
14
14
11
15
12
22
20
19
10
9
10
10
11
59
9
10
7
14
14
16
10
13
14
10
8
11
23
12
10
16
15
21
10
10
8
10
15
9
10
12
13
7
26
20
9
16
10
13
17
7
13
8
7
12
13
13
11
17
8
19
12
22
15
14
10
11
10
12
22
11
2
13
16
26
6
14
10
8
6
10
21
16
16
29
17
10
13
8
7
7
26
11
7
11
6
33
13
8
21
7
15
19
8
11
9
8
32
9
17
13
9
18
23
29
33
14
45
23
11
11
12
9
10
12
20
41
37
13
10
58
11
12
15
21
11
8
7
23
13
9
13
14
12
10
7
12
28
11
30
27
12
7
20
6
11
42
14
14
11
8
9
29
40
7
9
11
15
9
12
15
10
11
8
37
21
13
12
14
21
12
11
9
11
12
6
40
15
9
20
23
10
15
10
9
9
10
14
9
21
7
56
19
12
12
9
23
14
14
11
9
12
17
22
8
7
22
30
16
10
9
11
11
18
11
16
14
14
13
10
11
18
12
8
5
11
20
9
13
15
12
8
16
16
15
19
9
8
18
11
24
13
9
13
7
24
8
44
13
16
15
11
14
18
29
30
14
9
4
7
10
12
12
7
14
14
19
9
13
8
10
16
14
8
13
10
27
14
13
13
4
7
8
4
11
11
10
9
13
18
20
6
8
12
43
12
9
12
21
16
11
16
11
17
26
11
6
11
7
15
20
21
16
12
43
28
4
8
52
15
19
15
15
9
10
46
11
15
13
12
13
10
9
48
25
15
15
10
11
18